0.4988337818787646
0.5034473920287069
0.5078559528386518
0.5115404331667307
0.5136998590285787
0.5165833653722927
0.5190631808278867
0.5213315391516083
0.5237024221453287
0.5260604895552993
0.528078943995899
0.5299115724721261
0.5320133282070998
0.5338331410995771
0.535518390362681
0.5372997565039087
0.5387735486351404
0.540074330385749
0.5414135588876073
0.5430667691913367
0.5442586184800717
0.5453863898500577
0.5469755222350378
0.5477957195950276
0.548961937716263
0.549923106497501
0.5510765090349865
0.5520312700243496
0.5529347686787133
0.5543380750993208
