0.2748556908064439
0.2676532869335363
0.263545034677634
0.2604939927924531
0.2579502444797775
0.2557776394993365
0.2538448687524535
0.2521110269771476
0.2505329172852761
0.2490491643156712
0.24768191697482814
0.2464273313523276
0.24520499780325236
0.24407055311818973
0.24300042582478648
0.24196734917684035
0.24099247815477687
0.24006796615792217
0.2391615952497891
0.23829511382139817
0.23746090162273556
0.23665667815990216
0.2358753488845646
0.2351330822285693
0.23440104429332234
0.2336948050164869
0.23300391808194565
0.23234464468298377
0.23169116692426964
0.2310679381365436
